02370370
03170358
03230497
03750512
03080391
02990379
03130396
03230513
03230412
03600423
03130365
02880527
03490448
03550336
03240445
02520491
01740450
03610395
03810409
03720414
02430447
02850406
03150475
03400368
03230479
04070382
03230408
03440528
02890476
03600362
04030402
03030420
03380498
02710528
03470430
03470430
03470430
03470430
03470430
03470430
04090398
03420467
03960493
02140371
03330453
03630451
03910490
03680475
03580407
04990335
03460435
03140461
03820461
03490495
02950462
03560441
03580382
04190404
03230467
02920454
04190371
04040357
04040357
03460429
03120508
03930376
03640480
04410410
03730389
03690417
03670454
03510455
03420394
03660551
03660551
04300500
03230434
03450428
03300445
02940448
03780442
03180413
03750450
03330445
03070466
03440454
03280427
03480518
03630514
04650491
03050615
03560420
03440437
04310408
03610641
02520444
04120462
03120490
03960563
04640423
03750535
03430409
03900436
03440515
03710459
04940448
03090475
03340403
02910604
02140466
02390447
03330401
03480529
03690528
03420403
02410420
03220495
03310458
02960512
03840469
02990537
03020392
03190477
03470447
04220384
04380384
03280487
04360384
03790460
02600555
03680457
02990582
04190441
04320366
03970559
04030538
04190423
05250474
03420536
03850495
03910447
04720424
04070407
03240463
04710468
03860511
03510533
03640529
03340450
03430462
03480462
03430462
04730453
04860444
04060452
02550423
03200505
03870438
03840411
04580349
04580349
04040436
04630496
03380500
03930376
03930376
04740419
03900564
03580411
03970578
04140421
04470524
03760432
03420509
03420426
02900520
03600467
03650402
03660478
04450372
03300512
03650423
03940469
04040432
04090405
03980501
04930444
03070404
03070404
00000795
00000685
00000842
00000846
00000814
00000748
00000742
00000662
00000636
00000760
03420425
00000778
00000843
00000885
00000845
00001021
00000823
02830496
00000806
00000916
00000870
00000870
00000731
04490370
00000914
00000862
00000798
00000872
00000792
00000762
00000761
00620725
02810400
00000822
00000788
00000840
00000860
04260402
00000701
03830381
00000790
00000741
03210421
00000791
00000758
00000853
04050304
03450382
04020401
03010484
00000933
00000710
00000822
00000764
00000756
00000757
00000778
00000886
00000894
03190395
04040345
03820450
04000362
03360479
03370379
03950594
00780734
04050423
03540434
03380363
00000734
03260317
00001043
03640385
02730488
02780510
03150333
04320411
03540383
03540383
02910480
04690393
03920304
04010393
03130509
03290348
03050414
00000709
00000709
04240444
03750449
00000748
00000824
03740364
02950346
03690499
02250443
03460390
02870481
03740332
03290433
00000625
04030439
04400442
04400442
03810340
05270419
00000684
00000824
00000788
00000786
02790468
00000730
03580372
03600374
02850316
00000848
03410431
03710438
02760539
03030450
00000681
03520356
00000708
03670324
00000727
03380389
03590358
03910464
03910464
03630367
02530408
03920470
03920470
03880427
03420392
03210378
02730604
03130454
02990474
03430467
02610455
00000730
03530367
03260302
03790408
00000807
03440443
00000911
03950374
02670345
04260384
03430350
04240392
00000829
03000365
04450402
04260286
03430516
03300396
03610411
03530353
03410355
03600285
03250419
04200504
03420445
04040380
00000752
03710442
03440332
03000420
05170332
03680363
03830405
03770443
03550416
04490432
03200428
03170312
04070396
04090375
00000744
03440417
03030399
00000709
03110444
03030394
00000776
06570356
03410405
04110450
04200488
03510397
03270368
03800313
03120400
00000858
03130443
03940330
04620296
04620296
04030415
04180481
03990461
03400391
03400391
04110408
04300399
02830369
00000753
03250443
00000992
00000992
03020407
03290403
03120307
00000852
00000802
03990356
00000808
00000703
00000770
03050407
00000993
00000733
05660408
05660408
00000673
03880377
00000748
00000783
00001029
03660415
00000858
04310385
00000908
02960383
04440413
03100390
00000689
00000857
00000892
04110417
03480362
04300503
00000910
03050445
03830357
03000484
04650469
03630412
03390412
03880429
03170311
03340433
03240494
03160382
03130529
04170277
02750399
03380448
04340426
02930486
00000844
03510368
04060387
03410347
03410347
03010465
03900411
03530396
03870486
03170493
03960426
00000684
03530431
00000728
00000845
04440400
00000970
00000828
04190354
04190354
03350459
03510350
00000878
03230437
03420404
03250471
04700451
00000820
03280387
03810374
00000692
00000757
02830426
00000819
00000652
00000723
02900433
04200358
00000847
02620514
03570410
03190374
00000828
03660507
00000797
03650333
00000806
04280438
03680387
03380343
03200441
03780351
04200420
03550372
04210424
03370279
00000949
00000719
03520353
03370412
00000737
03600528
03910441
03030357
03150408
00000814
03680383
04140373
04950393
05220448
03840352
00000892
04390401
03700473
03500412
00000718
00000825
04580344
03350427
03560449
03810398
03680378
03150358
02510477
03990466
03480394
00000650
04000395
03580418
04180353
03390432
00000835
03760396
03530360
03760423
03830427
04150425
03130461
03510449
03860370
03090450
00000802
00000802
00000802
00000826
00000828
00000826
04000444
04260368
03630371
00000849
00000741
03860318
00000820
03700423
03610440
03180469
03790405
02680449
04230418
03750400
04050350
02610518
03090462
03000358
03730359
03940388
00000879
00000784
03270450
04150370
03560492
02820307
03460424
02780433
04100399
03430429
03740449
04530395
03670366
02990510
04040359
03680392
04870340
03170443
03870474
03380477
03490494
04090388
03010440
03720479
03440425
03410541
03540381
04050484
03890528
03550342
03230536
03930361
05020388
05020388
03880467
03820400
03860380
03860380
03750335
02760440
03090390
02920466
03170370
04130375
04320478
03090375
03110431
03470506
02720444
04440363
03190585
03420324
03290510
03420412
03870411
03190434
00000660
03130408
04030378
03900438
03560477
03440394
03620442
04260424
04260424
03720484
03570455
03490513
04300473
04880432
04880432
03820366
04230444
04230444
04590383
04240491
03000457
03240382
03430551
03690339
03280453
03000417
04490447
03440380
03770365
03690523
03790377
00000861
04110468
04130457
04070398
04170352
02900481
03960397
03960397
04300426
03020374
03070479
03570418
02670404
04300350
04200425
03570415
03740336
02810614
03500392
03410467
04550448
03180431
04080384
03630362
04070465
04070465
04330422
04340527
03530361
03200441
03880503
02720435
03600439
03820356
04060470
03270527
03510436
03100388
04450461
03930587
03930587
03710404
03450335
03450335
03450335
03840578
04200365
03790422
03780372
04010588
00360863
00360863
00000820
03380402
03200381
03140477
02630366
02650384
00000763
02450427
03330413
00000791
04180421
04510394
04480386
03010531
00000677
02080416
00000681
00000681
03900339
00000718
00000814
03360501
04230347
03910496
00000694
00000694
02290592
03580471
03260403
03260382
03760493
03250381
04110372
03220493
03580376
03470339
03740378
03430362
03800347
03920394
00000802
03830472
04220538
04220538
04510439
03670408
03470426
02980460
04040486
04130443
03380389
02800475
03110507

